2.870473861396312665e-01
2.108332316279411256e-01
1.537683051675557966e-01
1.239796989262103993e-01
1.107837682440876992e-01
1.005218132287263866e-01
9.683354578167199800e-02
9.378055021166802063e-02
8.908593638241291135e-02
8.833693258464336839e-02
8.501669110357761017e-02
8.200080846622585795e-02
8.056909417361021730e-02
7.865420570224523900e-02
7.752723374962806890e-02
8.046810729056597111e-02
7.915169684961438634e-02
7.858287924155592241e-02
7.565070895478129276e-02
7.446611260622740258e-02
7.442215864360332556e-02
7.472851683199405182e-02
7.169121595472097153e-02
7.323181660473346288e-02
6.909420179203153156e-02
6.808253309875726689e-02
6.965005492419004685e-02
6.811764730885624952e-02
6.884146101027727171e-02
6.894777093827723913e-02
6.905736038461326998e-02
6.866421476751566333e-02
7.097521450743078664e-02
7.189863192662596103e-02
7.052354685589670713e-02
6.818076368048786584e-02
6.895882561430334567e-02
6.653461930900812782e-02
6.528265324980020434e-02
6.563498023152351812e-02
6.738008927553891525e-02
6.336759071797132270e-02
6.509680252894758934e-02
6.472609914094210048e-02
6.585519400238991350e-02
6.561352394521235976e-02
6.464565991051494931e-02
6.457999349385500076e-02
6.717238987237214576e-02
6.803501727804540933e-02
6.799077329412102355e-02
6.316339234262705049e-02
6.402353354729711787e-02
6.758410257846117486e-02
6.560827489569782955e-02
6.687729512527584852e-02
6.771596377342939399e-02
7.027341497689484906e-02
6.818880917131900365e-02
6.700042066723108092e-02
6.329165747947991527e-02
6.495146434381604550e-02
6.688473467901348557e-02
6.544396261870860654e-02
6.571512360498309169e-02
7.013520156219602009e-02
7.454810750856995238e-02
7.046641533076762609e-02
6.920844785496592377e-02
7.151197680085898123e-02
6.786239730194211506e-02
6.509407098591327157e-02
6.902178939059376572e-02
6.810941306501626380e-02
6.908216438069939014e-02
6.516349520906805637e-02
6.419088795408606218e-02
6.519214109703898308e-02
6.742180698737501587e-02
6.739674782007933074e-02
6.614851526170968665e-02
6.360492930933833722e-02
6.808499023318290155e-02
6.233337371796369292e-02
6.125721861049533007e-02
6.143836037814617151e-02
6.686064966022968459e-02
6.474972731620073918e-02
6.461101293563842329e-02
5.887274143844842961e-02
6.015756712108850240e-02
6.009219908341765365e-02
6.024127030372619651e-02
5.846832669526338261e-02
5.914724282175302245e-02
5.794957147166132638e-02
6.304623787850141547e-02
6.010449978336691867e-02
6.014075816422700949e-02
6.289172423258423961e-02
