2.555209264755248788e-01
1.768426562100648969e-01
1.367198845073580860e-01
1.169473950415849672e-01
1.050707816109061193e-01
9.927438310533762134e-02
9.258468337357043942e-02
8.964469439536333628e-02
8.520187549293041507e-02
8.201982619613408521e-02
7.994844859093427902e-02
7.713009065389633823e-02
7.758798450604080521e-02
7.613124658167362557e-02
7.564454779773950588e-02
7.364332715421914588e-02
7.492775617539883248e-02
7.145282083749771029e-02
7.095224559307097834e-02
7.438065883889793950e-02
7.171948245912790343e-02
6.935597950965166625e-02
6.924311223998666498e-02
6.997917299717665296e-02
6.786156355962157105e-02
6.967007120326161596e-02
7.015019293874502626e-02
6.902867093309759949e-02
6.942109590768813510e-02
6.798443320021033132e-02
6.658695384860038868e-02
6.634175409749150376e-02
6.542707106098533121e-02
6.502620901539921117e-02
6.828480035439134233e-02
7.025590254738926788e-02
7.242561646178365120e-02
6.557004415988922086e-02
6.772819171100855073e-02
7.322546520829201211e-02
7.444816681183874518e-02
6.876536113023758168e-02
6.683570692688226011e-02
6.777840673923492265e-02
6.642191383242607161e-02
7.028976814448834043e-02
7.419999296218156293e-02
7.064267415925860882e-02
7.212176444754005156e-02
6.788192372210323511e-02
6.684786823764443664e-02
6.707303264737128623e-02
7.409895203635095962e-02
7.544215089455247325e-02
7.066898433119059297e-02
6.906654049456119326e-02
6.576688338816165380e-02
6.500930043309927076e-02
6.395589851215481569e-02
6.213146260753273781e-02
6.912513075768947357e-02
6.683689847961067632e-02
7.154581258073448857e-02
6.635755384713411253e-02
6.660103732347488759e-02
7.022767654433846596e-02
6.845540247671305645e-02
6.582972594350576523e-02
6.408567518740893032e-02
6.682172902673483295e-02
6.547989991679788180e-02
7.037470916844904001e-02
6.426543433591723475e-02
6.661574856936931799e-02
7.224808299541472800e-02
6.943059923872352268e-02
6.608188755810261161e-02
6.765824490599334218e-02
6.742051004618405952e-02
6.839445321261883315e-02
6.375590113177895257e-02
6.434849596023559104e-02
7.106677720695733780e-02
6.410971724614500378e-02
6.528705594688653802e-02
6.439236605539917779e-02
6.315009043738245564e-02
6.436650970950723305e-02
6.498502166569232463e-02
6.223074590042233789e-02
6.287678552791475806e-02
6.277789557352661531e-02
5.844666830822825565e-02
5.996353127807378669e-02
6.095208336785435527e-02
5.987867362424731388e-02
6.039624172449111622e-02
6.135245594847947570e-02
6.622374193742870674e-02
6.534052289277314518e-02
