2.472656540572643336e-01
1.634847466349601819e-01
1.256494426056742608e-01
1.083894686400890400e-01
9.683413992822170746e-02
8.949114980548619758e-02
8.490851739794015585e-02
8.230101528391242649e-02
7.931405182182789393e-02
7.764608692750334107e-02
7.546117372065783147e-02
7.588596906512976026e-02
7.290481173992156838e-02
7.208249460905789829e-02
7.133801580592989688e-02
6.874932213500141442e-02
6.873035957291721842e-02
6.848480004817247835e-02
6.677089695259928737e-02
6.568616104125976629e-02
7.098272583633660759e-02
6.978054120764136392e-02
6.522186556085944609e-02
8.402898328006266904e-02
7.364889917522668417e-02
7.047653737291693921e-02
6.664126279577613221e-02
6.740157448500394555e-02
6.613377556204795560e-02
6.452025176957248975e-02
6.435612477362155637e-02
6.580354269221425079e-02
6.371266938373446043e-02
6.633838811144232572e-02
6.292718378826975267e-02
6.242563690990209774e-02
6.180410787090659386e-02
5.934375959262251643e-02
6.346343722566961942e-02
6.363738098368049156e-02
6.102564117684960293e-02
5.995685102045535814e-02
6.076354335620999525e-02
6.409769144654274553e-02
6.240075484663248212e-02
6.045553253218531597e-02
5.997510812990367729e-02
6.051566112786531393e-02
5.965623874962330125e-02
5.859633646905422488e-02
5.866683124005794836e-02
5.732618682458996695e-02
5.609387494064867197e-02
5.703665072470903707e-02
6.077040090970695085e-02
6.084663591906428609e-02
6.010680516436696375e-02
6.066091596707701844e-02
6.204922731593251473e-02
6.113461231067776613e-02
6.220502305403351889e-02
6.279269216582178403e-02
6.467148616909980385e-02
6.995344614610075895e-02
6.801954493299126880e-02
6.554848663881421289e-02
6.526157722994685439e-02
6.181331206113099830e-02
5.935347400605678336e-02
6.285835873708128796e-02
5.908308944106101940e-02
5.997768740355968742e-02
5.907269909605383784e-02
6.018952191621065179e-02
6.098480610549449760e-02
5.926310828886926368e-02
5.944350044801831323e-02
6.127042565867305002e-02
6.134628281928598825e-02
5.591884355247020433e-02
5.910988619551062889e-02
5.874794782698154749e-02
6.061821598559617719e-02
6.740709874033927462e-02
7.118171305954455741e-02
6.175704063475132011e-02
6.182310714945197377e-02
6.256419857218861735e-02
7.063724699616431846e-02
6.882164809480309509e-02
5.993116994202137005e-02
8.471405163407325078e-02
7.993630214408040113e-02
7.325076432153582173e-02
7.612106183916329816e-02
7.921790250018238833e-02
7.453080345317721067e-02
7.173936180397867679e-02
7.075723781436681070e-02
6.696630762889980992e-02
